兵种ID	名称	类型	费用	攻击ID	技能ID	射程	攻击力	血量上限	移动速度	攻击频率	强化参数	角色资源	缩放系数	碰撞半径	描述
1001	绿巨人	1	4	1001	1001	1	800	10000	0.75	0.375	3	Hero_1001	0.8	150	绿巨人，蘑菇头
1002	蓝帽子	1	2	1002	1002	1	500	4000	1.5	0.5	2	Hero_1002	1	100	蓝帽子，大眼睛
1003	近战恶魔	1	2	1003	1003	1	500	4000	1	0.5	2	Hero_1003	0.68	100	蓝色恶魔,头戴巨大野兽头骨
2001	奶嘴	2	3	2001	2001	8	1000	2500	0.5	0.75	2	Hero_2001	1	140	奶嘴机器人
2002	荷叶帽	2	1	2002	2002	5	400	1500	1.5	0.5	2	Hero_2002	1.22	65	黄色大肚子，荷叶帽
2003	远程恶魔	2	2	2003	2003	5	750	2000	1	0.5	2	Hero_2003	1	100	蓝色恶魔,头上一对断角
3001	黄帽子	3	1	3001	3001	4	500	2000	1.5	0.375	2	Hero_3001	1	100	黄帽子机器人
3002	飞球	3	5	3002	3002	7	1500	6000	2	1	2	Hero_3002	1	65	长翅膀的大嘴怪
3003	飞行恶魔	3	2	3003	3003	3	750	3000	1	0.5	2	Hero_3003	1.25	80	蓝色恶魔,长着翅膀
